5 (1,9) (2,5) (8,2) (8,4) (9,5) 10 10 0000000000000000001000000111100000011100000011110000001110000001111000000111000000000100000000000000
7 (0,9) (0,0) (6,4) (7,5) (9,7) (8,8) (6,6) 10 10 0111111110011111111000111111000001111100000111100000001110000000010000000000000000000000000000000000
6 (0,6) (3,5) (6,3) (7,2) (8,2) (8,4) 10 10 0000000000000000000000000000000000010000000000000000001000000001100000001110000000000000000000000000
3 (2,4) (8,2) (7,4) 10 10 0000000000000000000000000000000000000000000000000000010000000001000000000100000000000000000000000000
3 (3,8) (5,0) (8,1) 10 10 0000000000000000000000000000000000000100000111000001111000000111000000010000000000000000000000000000
5 (3,8) (0,7) (5,4) (5,0) (7,0) 10 10 0000000100000000010000000011000000011100000001000011110000001100000000000000000000000000000000000000
7 (1,9) (1,0) (5,3) (5,0) (7,4) (7,5) (7,9) 10 10 0000000000011111111000111111100011111110000111111000011111100001111110000000000000000000000000000000
4 (5,9) (2,6) (9,7) (8,7) 10 10 0000000000000000000000000000000000000100000000011000000001100000000110000000010000000000000000000000
7 (3,8) (3,5) (1,3) (0,0) (8,1) (7,4) (7,6) 10 10 0100000000011100000001111000000111111100011111110001111110000111111000011000000000000000000000000000
5 (5,7) (4,6) (0,0) (6,4) (8,3) 10 10 0000000000011000000000110000000001110000000111100000001110000000110000000000000000000000000000000000
3 (6,4) (8,6) (7,8) 10 10 0000000000000000000000000000000000000000000000000000000000000000010000000000110000000000000000000000
3 (2,8) (2,3) (8,0) 10 10 0000000000000000000000011111000001111000001110000000110000000110000000000000000000000000000000000000
8 (3,8) (1,7) (4,5) (0,1) (4,2) (6,2) (8,5) (9,6) 10 10 0000000000001000010000110001000011101100001111110000111111000001111000000001100000000010000000000000
3 (0,0) (2,2) (8,9) 10 10 0000000000000000000000000000000000000000000001000000000000000000000000000000000000000000000000000000
4 (1,7) (4,2) (6,3) (7,4) 10 10 0000000000000000000000000110000001110000000111000000011000000000100000000000000000000000000000000000
3 (3,9) (2,9) (3,2) 10 10 0000000000000000000000000011100000000000000000000000000000000000000000000000000000000000000000000000
6 (1,7) (3,6) (2,6) (0,2) (2,1) (9,0) 10 10 0010000000001110000001111110000111100000011100000001110000000110000000010000000000000000000000000000
6 (4,6) (1,7) (3,2) (4,2) (5,2) (8,4) 10 10 0000000000000000100000001110000011111000001111000000011100000001100000000010000000000000000000000000
7 (2,6) (1,5) (0,0) (4,0) (9,4) (9,9) (8,8) 10 10 1110000000111111000011111110001111111000011111100000111111000011111100000111110000001111100000000000
7 (2,4) (2,2) (6,2) (9,0) (8,2) (8,5) (7,9) 10 10 0000000000000000000000111000000011110000001111100000111111000011111110001111110001000000000000000000
3 (2,4) (2,3) (7,5) 10 10 0000000000000000000000001000000000100000000010000000000000000000000000000000000000000000000000000000
8 (2,9) (2,6) (0,3) (0,0) (2,2) (3,1) (7,1) (9,4) 10 10 0111000000001111000000111111100011111100001111110000111110000011110000001111000000001000000000000000
5 (2,7) (2,6) (9,0) (9,4) (8,9) 10 10 0000000000000000000000000011000000011100000011110000001111100001111110001111111001111110000000000000
4 (5,9) (4,5) (3,2) (4,3) 10 10 0000000000000000000000000000000001000000000000000000000000000000000000000000000000000000000000000000
3 (4,0) (8,4) (9,9) 10 10 0000000000000000000000000000000000000000000000000000100000000001100000000011100000000001100000000000
6 (0,1) (3,2) (4,0) (7,0) (9,4) (8,9) 10 10 0000000000001000000000110000000011100000101111000010111110001011111100001111111000011110000000000000
8 (0,7) (1,2) (5,0) (5,1) (7,2) (7,4) (8,5) (6,9) 10 10 0000011100001111110000111111000111111110011111111000111111100011111110000001100000000000000000000000
5 (3,9) (3,7) (8,0) (9,2) (7,9) 10 10 0000000000000000000000000000000000000110000001111000001111100001111110011111110001110000000000000000
4 (1,8) (0,6) (0,2) (8,0) 10 10 0011111000001111110000111110000011110000011110000001100000000100000000000000000000000000000000000000
8 (1,4) (5,2) (6,2) (9,0) (7,4) (9,4) (8,7) (8,8) 10 10 0000000000000010000000001000000001110000000111000000111110000011111100001111110001001100000000000000
8 (1,7) (2,3) (0,0) (2,0) (6,1) (7,1) (8,3) (7,8) 10 10 1000000000111000110001111111000111111100011111110001111111000111111100001111000000000000000000000000
5 (0,4) (1,3) (7,2) (9,3) (9,9) 10 10 0000100000000110000000011100000001110000000111100000011111000001111100000111111000011111100000000000
6 (4,6) (2,7) (0,8) (1,5) (1,4) (5,0) 10 10 0000000100000011110000011110000011111000011100000000000000000000000000000000000000000000000000000000
5 (4,7) (2,8) (0,5) (0,4) (9,0) 10 10 0000110000000011110000011111000001111100000111100000111000000011000000011000000000000000000000000000
7 (2,9) (2,6) (4,5) (3,3) (7,1) (8,0) (8,8) 10 10 0000000000000000000000000011100001001110000111111000111111100011111110011111111000000000000000000000
4 (3,8) (3,7) (6,1) (8,0) 10 10 0000000000000000000000000000000000000100000001000000011000000110000000000000000000000000000000000000
4 (3,8) (4,2) (7,2) (9,8) 10 10 0000000000000000000000000000000000011100001111110000111111000011111100000011110000000001000000000000
4 (3,4) (2,1) (6,0) (8,9) 10 10 0000000000000000000001100000000111100000011111000001111110000001111100000000011000000000000000000000
7 (4,8) (1,3) (0,2) (2,3) (5,3) (6,0) (7,0) 10 10 0000000000000100000000011100000001111100000111100000011000001100000000000000000000000000000000000000
6 (5,6) (1,5) (4,1) (4,0) (6,4) (9,4) 10 10 0000000000000001000000001100000011110000011111000000011100000000110000000010000000001000000000000000
4 (5,8) (2,9) (9,5) (6,8) 10 10 0000000000000000000000000000000000000000000000001000000000000000000100000000100000000000000000000000
4 (1,7) (3,6) (7,1) (9,5) 10 10 0000000000000000000000000000000000001000000001100000011100000011110000001111000000001100000000000000
4 (5,6) (0,7) (3,2) (6,0) 10 10 0000000000000001100000011110000011111000001111100001110000000000000000000000000000000000000000000000
3 (3,8) (7,2) (8,8) 10 10 0000000000000000000000000000000000000000000000110000000111000001111100000000110000000000000000000000
6 (3,8) (2,8) (3,7) (9,2) (6,5) (9,7) 10 10 0000000000000000000000000000000000000100000000110000000111000000001100000000110000000001000000000000
8 (3,6) (1,7) (3,5) (4,4) (7,2) (6,4) (7,4) (6,6) 10 10 0000000000000000000000000010000000010000000011000000001100000001110000000000000000000000000000000000
4 (2,3) (0,1) (8,5) (8,8) 10 10 0000000000001000000000010000000001100000000011000000001100000000011000000001110000000000000000000000
4 (2,8) (5,2) (7,6) (6,9) 10 10 0000000000000000000000000000100000001110000011111000011111100000011100000000000000000000000000000000
3 (6,2) (7,4) (7,7) 10 10 0000000000000000000000000000000000000000000000000000000000000001100000000000000000000000000000000000
3 (5,6) (3,2) (7,1) 10 10 0000000000000000000000000000000010000000001110000000111000000010000000000000000000000000000000000000
4 (3,3) (2,0) (4,3) (7,8) 10 10 0000000000000000000001000000000001000000000010000000000010000000000000000000000000000000000000000000
3 (2,3) (0,1) (8,5) 10 10 0000000000001000000000010000000001000000000000000000001000000000000000000000000000000000000000000000
8 (2,9) (3,7) (0,7) (0,6) (4,4) (1,1) (4,2) (8,7) 10 10 0000001000000000100000100110000011011110000111111000001111000000001100000000010000000000000000000000
7 (0,9) (1,3) (2,1) (4,1) (8,3) (9,6) (7,7) 10 10 0000001110000111111001111111100111111110001111110000111111000001111100000111100000000110000000000000
7 (5,7) (5,9) (5,6) (1,5) (2,5) (9,5) (6,9) 10 10 0000000000000001000000000100000000010000000001000000000110000000011000000001100000000100000000000000
6 (5,6) (3,7) (0,8) (0,6) (8,6) (6,7) 10 10 0000001100000000110000000011000000001000000000100000000000000000000000000000000000000000000000000000
8 (3,7) (4,6) (1,8) (1,7) (2,1) (7,1) (7,3) (7,8) 10 10 0000000000000001110001111111000111111000011111000001111100000111110000000000000000000000000000000000
3 (2,6) (0,4) (0,0) 10 10 0011100000000001000000000000000000000000000000000000000000000000000000000000000000000000000000000000
4 (1,9) (2,0) (6,0) (9,5) 10 10 0000000000000001111011111111101111111100111111110011111110000111111000000111000000000100000000000000
8 (1,3) (4,1) (7,5) (8,5) (9,5) (9,9) (8,9) (6,7) 10 10 0000000000000100000000011000000011100000001111000000011110000000011100000001111000000111100000000000
8 (0,8) (0,6) (0,4) (1,4) (0,1) (6,0) (8,0) (6,6) 10 10 0110111100011111110001111111000111111000011111100001111110001111100000110000000000000000000000000000
7 (5,7) (3,6) (2,6) (1,4) (3,2) (6,3) (9,9) 10 10 0000000000000010000000011100000001111000000111100000011111000000111100000000111000000000100000000000
8 (0,9) (3,5) (1,0) (3,2) (7,0) (8,0) (9,5) (8,6) 10 10 0000000000010000001000110011100011111100001111110000111110000011111000001111100000011100000000000000
8 (2,7) (3,5) (1,5) (1,3) (0,0) (7,2) (8,6) (7,9) 10 10 0100000000011110000001111001000111111100001111110000111111100011111110000011110000000000000000000000
6 (5,8) (2,5) (0,2) (8,1) (8,2) (6,9) 10 10 0010000000001110000000111100000011111000001111110000111111100011111100001100000000000000000000000000
6 (5,8) (1,5) (1,3) (0,0) (6,1) (7,4) 10 10 0100000000011111000001111110000111111000011111110001111111000001110000000000000000000000000000000000
6 (2,9) (3,4) (1,2) (7,4) (9,7) (6,6) 10 10 0000000000000000000000010001100001111100000011110000001110000000110000000001000000000000000000000000
4 (1,2) (9,3) (8,5) (6,6) 10 10 0000000000000000000000010000000001000000000110000000011100000001110000000111000000011000000000000000
8 (3,9) (2,7) (2,4) (5,0) (6,3) (9,3) (9,8) (6,6) 10 10 0000000000000000000000001111000001111110011111110000111110000001110000000111000000011100000000000000
4 (1,8) (7,3) (8,9) (7,8) 10 10 0000000000000000000000000001000000001100000000110000000111000000111100000000011000000000000000000000
4 (1,2) (4,1) (7,5) (8,8) 10 10 0000000000001000000000110000000011100000001111000000011100000000011000000000010000000000000000000000
5 (0,4) (2,4) (2,0) (5,4) (9,5) 10 10 0000100000000010000001111000000011100000000010000000000000000000000000000000000000000000000000000000
7 (2,5) (1,5) (0,3) (2,3) (4,2) (7,0) (6,9) 10 10 0001000000000110000000011100000001111000001111110000111111100111100000000000000000000000000000000000
8 (4,6) (1,9) (2,5) (2,3) (2,0) (6,0) (8,1) (9,8) 10 10 0000000000000000001011111111001111111000111111000011111100000111110000011111000000000100000000000000
3 (3,3) (4,0) (7,4) 10 10 0000000000000000000000000000000011000000011100000000110000000000000000000000000000000000000000000000
4 (2,0) (6,2) (8,6) (7,6) 10 10 0000000000000000000000000000000100000000001000000000111000000001110000000001000000000000000000000000
5 (6,0) (8,0) (7,2) (8,4) (6,9) 10 10 0000000000000000000000000000000000000000000000000000000000001111111100110111000000000000000000000000
4 (4,0) (9,1) (6,5) (6,7) 10 10 0000000000000000000000000000000000000000010000000001111100000111100000011100000001000000000000000000
4 (3,7) (5,3) (5,0) (6,3) 10 10 0000000000000000000000000000000000000000000001000000110000000000000000000000000000000000000000000000
7 (1,5) (0,4) (4,3) (5,0) (9,2) (7,9) (6,8) 10 10 0000100000000011000000001100000000111000001111110001111111000111111110001111110000110000000000000000
3 (5,9) (7,0) (7,1) 10 10 0000000000000000000000000000000000000000000000000000000001000001000000000000000000000000000000000000
8 (5,7) (0,7) (4,5) (0,4) (0,3) (4,2) (6,1) (6,8) 10 10 0001100000000110000000011010000001101000001111100000111111000000000000000000000000000000000000000000
8 (2,8) (0,9) (1,6) (1,4) (6,3) (9,1) (8,3) (8,4) 10 10 0000000010000011111000001111000000111100000011100000001100000001110000000110000000100000000000000000
7 (5,9) (0,6) (4,5) (3,3) (2,2) (3,2) (3,1) 10 10 0000001000000000100000100011000001001110000000011000000000000000000000000000000000000000000000000000
3 (9,1) (8,6) (8,7) 10 10 0000000000000000000000000000000000000000000000000000000000000000000000000000000000000000000000000000
8 (1,9) (0,7) (1,3) (4,0) (7,1) (8,1) (9,0) (9,6) 10 10 0000001100000111111000111111100111111110011111110001111111000111111000011111100001111110000000000000
8 (3,8) (2,8) (4,5) (2,0) (5,4) (8,5) (8,7) (7,9) 10 10 0000000000000000000001000000000011001110000011111000000111100000011110000001111000000000000000000000
7 (5,6) (4,6) (3,1) (7,1) (8,0) (8,3) (9,3) 10 10 0000000000000000000000000000000111000000011111000001111100000111100000011110000000010000000000000000
8 (4,9) (2,9) (1,3) (1,2) (2,2) (8,5) (9,7) (6,8) 10 10 0000000000001111100000011111100001111110000011111000001111100000011100000001110000000011000000000000
5 (3,1) (4,0) (7,0) (9,7) (8,8) 10 10 0000000000000000000000000000000100000000111100000011111000001111110000001111110000000011000000000000
7 (0,9) (0,3) (1,2) (3,3) (4,3) (8,5) (8,8) 10 10 0001111110000111111000011111100001111110000011111000001111100000011110000001111000000000000000000000
6 (5,7) (1,7) (2,6) (2,4) (4,2) (8,2) 10 10 0000000000000000000000001110000001111000001111100000111110000011100000001000000000000000000000000000
5 (1,9) (3,6) (1,3) (1,1) (3,2) 10 10 0000000000001100001000110010000000000000000000000000000000000000000000000000000000000000000000000000
6 (1,4) (3,2) (3,0) (7,1) (8,0) (9,1) 10 10 0000000000000000000000010000000111000000011000000001100000000100000000010000000001000000000000000000
6 (3,8) (3,4) (4,2) (6,0) (6,3) (7,4) 10 10 0000000000000000000000000000000000111100001111100001111100000000100000000000000000000000000000000000
6 (5,6) (4,6) (3,6) (2,6) (1,2) (6,4) 10 10 0000000000000100000000011100000001110000000011000000001100000000000000000000000000000000000000000000
7 (4,5) (0,4) (3,1) (7,2) (9,0) (8,7) (6,7) 10 10 0000100000000110000000111000000011100000001111000000111110000011111000001111100000110000000000000000
8 (4,6) (1,8) (0,4) (1,1) (5,3) (5,2) (9,8) (9,9) 10 10 0001110000001111110000111111000001111000000111000000011100000000010000000000001000000000100000000000
4 (3,8) (7,1) (8,8) (6,8) 10 10 0000000000000000000000000000000000000000000000110000001111000011111100000001110000000000000000000000
5 (2,4) (3,3) (6,1) (7,5) (6,9) 10 10 0000000000000000000000001000000001110000000111110000111111100001111100000000000000000000000000000000
