3 (0,9) (1,2) (6,1) 20 20 0000001110000000000000111111000000000000001111000000000000000011100000000000000000110000000000000000000000000000000000000000000000000000000000000000000000000000000000000000000000000000000000000000000000000000000000000000000000000000000000000000000000000000000000000000000000000000000000000000000000000000000000000000000000000000000000000000000000000000000000000000000000000000000000000000000000000000
8 (3,12) (2,8) (2,6) (4,3) (18,5) (19,15) (15,15) (11,17) 20 20 0000000000000000000000000000000000000000000000111100000000000000111111111000000000001111111110000000000011111111110000000000111111111110000000001111111111100000000011111111111100000000111111111111100000001111111111111000000001111111111110000000011111111111100000000111111111110000000001111111111100000000011111111110000000000111111111100000000001111111111000000000000000111110000000000000000000000000
3 (5,3) (7,1) (12,19) 20 20 0000000000000000000000000000000000000000000000000000000000000000000000000000000000000000000000000000000110000000000000000011111000000000000000011111100000000000000000011110000000000000000000011100000000000000000000110000000000000000000000000000000000000000000000000000000000000000000000000000000000000000000000000000000000000000000000000000000000000000000000000000000000000000000000000000000000000000
8 (0,13) (3,12) (8,8) (12,0) (13,2) (19,7) (16,11) (11,16) 20 20 0000000000000100000000000000000001000000000000000000010000000000000000001100000000000000000111100000000000000001111000000000000000111110000000000000011111110000000000001111111100000000001111111111000000001111111111110000001111111111111100000111111111111110000000011111111111000000000011111111100000000000011111110000000000000111111000000000000000111100000000000000000100000000000000000000000000000000
7 (7,19) (1,10) (1,9) (8,5) (8,0) (9,3) (19,1) 20 20 0000000000000000000000000000011000000000000000000111100000000000000011111100000000000000111111110000000000011111111110000000001111111111111000000011111111111110001111111111111110000001111111111111000000011111111111000000000111111111100000000001111111100000000000011111110000000000000111110000000000000001111000000000000000011000000000000000000100000000000000000000000000000000000000000000000000000000
7 (5,16) (13,3) (14,10) (17,16) (19,18) (11,12) (12,16) 20 20 0000000000000000000000000000000000000000000000000000000000000000000000000000000000000000000000000000000000000000000000000000000000000011000000000000000011110000000000000001111100000000000001111111000000000000111111110000000000111111001100000000111111110000000000000001111100000000000000000001000000000000000000000000000000000000000000001000000000000000000000000000000000000000000000000000000000000000
5 (2,17) (8,11) (3,12) (0,12) (6,8) 20 20 0000000000000000000000000000000000000000000000000001000010000000000000110011000000000000001111100000000000000100110000000000000000001000000000000000000000000000000000000000000000000000000000000000000000000000000000000000000000000000000000000000000000000000000000000000000000000000000000000000000000000000000000000000000000000000000000000000000000000000000000000000000000000000000000000000000000000000
7 (8,12) (2,13) (0,12) (4,8) (15,1) (14,3) (18,19) 20 20 0000000000001000000000000000000110000000000000000011100000000000000001111000000000000000111110000000000000001111100000000000000111111000000000000011111110000000000000111111000000000000011111110100000000001111111101000000000011111111011000000001111111110111000000111111111101110000001001111111011110000000000001110111110000000000000001111100000000000000000001100000000000000000000000000000000000000000
4 (4,19) (4,6) (1,1) (12,12) 20 20 0000000000000000000000000000000000000000000100000000000000000000110000000000000000000111111111111110000000111111111111000000000111111111100000000000111111110000000000000111111100000000000000111110000000000000000111000000000000000000100000000000000000000000000000000000000000000000000000000000000000000000000000000000000000000000000000000000000000000000000000000000000000000000000000000000000000000000
3 (2,8) (10,7) (15,2) 20 20 0000000000000000000000000000000000000000000000000000000000000000000000000000000000000001000000000000000000010000000000000000001100000000000000000011000000000000000001110000000000000000011100000000000000000110000000000000000011000000000000000000100000000000000000010000000000000000000000000000000000000000000000000000000000000000000000000000000000000000000000000000000000000000000000000000000000000000
5 (1,17) (1,10) (1,7) (1,0) (16,2) 20 20 0000000000000000000001111111111111111000011111111111111100000111111111111110000001111111111111000000011111111111100000000111111111110000000001111111111000000000011111111100000000000011111110000000000000111111000000000000001111100000000000000011110000000000000000111000000000000000001100000000000000000010000000000000000000000000000000000000000000000000000000000000000000000000000000000000000000000000
3 (4,18) (3,7) (12,7) 20 20 0000000000000000000000000000000000000000000000000000000000000000000111111000000000000001111111111100000000011111111100000000000111111110000000000001111111000000000000011111000000000000000111100000000000000001110000000000000000010000000000000000000000000000000000000000000000000000000000000000000000000000000000000000000000000000000000000000000000000000000000000000000000000000000000000000000000000000
7 (7,15) (1,5) (4,4) (8,0) (13,6) (17,12) (13,16) 20 20 0000000000000000000000000100000000000000000001110000000000000000011111000000000000001111111000000000000111111111100000000011111111111110000001111111111111110000011111111111111100000011111111111111000000001111111111110000000001111111111100000000001111111111000000000001111111110000000000000111111000000000000000111100000000000000000010000000000000000000000000000000000000000000000000000000000000000000
8 (0,13) (8,5) (16,1) (15,7) (14,9) (19,8) (15,15) (11,13) 20 20 0000000000000000000000000000000010000000000000000001100000000000000000111000000000000000011110000000000000001111100000000000000111111000000000000011111110000000000001111111100000000000011111111000000000001111111110000000000011111111110000000001111111111100000000011111111111100000001111111111111000000011000001111110000000000000011110000000000000000110000000000000000000000000000000000000000000000000
3 (11,6) (18,14) (11,12) 20 20 0000000000000000000000000000000000000000000000000000000000000000000000000000000000000000000000000000000000000000000000000000000000000000000000000000000000000000000000000000000000000000000000000000000000000000000000000000000000011111100000000000000011111000000000000000011110000000000000000011100000000000000000001100000000000000000001000000000000000000000000000000000000000000000000000000000000000000
6 (3,10) (0,8) (3,2) (18,4) (19,9) (13,11) 20 20 0000000010000000000000000011100000000000000011111100000000000001111111100000000000011111111000000000000111111110000000000001111111100000000000011111111000000000000111111110000000000001111111100000000000011111111000000000000011111110000000000000111111100000000000001111111000000000000011111110000000000000111111100000000000001111110000000000000011111100000000000000000111000000000000000000000000000000
6 (3,10) (6,7) (1,1) (14,1) (13,4) (17,2) 20 20 0000000000000000000001000000000000000000011000000000000000000111100000000000000001111100010000000000011111101000000000000111111110000000000001111111000000000000011111100000000000000111111000000000000001111100000000000000011111000000000000000111100000000000000001101000000000000000000000000000000000000000000000000000000000000000000000000000000000000000000000000000000000000000000000000000000000000000
8 (10,12) (9,13) (0,12) (3,6) (5,4) (6,5) (10,2) (12,13) 20 20 0000000000001000000000000000001110000000000000001111100000000000001111111000000000000111111110000000000001111111100000000000011111111000000000000111111110000000000001111111100000000001011111111000000000000111111100000000000000000001000000000000000000000000000000000000000000000000000000000000000000000000000000000000000000000000000000000000000000000000000000000000000000000000000000000000000000000000
8 (8,15) (5,14) (8,5) (17,2) (16,8) (13,9) (11,10) (15,18) 20 20 0000000000000000000000000000000000000000000000000000000000000000000000000000000000000000000000000000000000000000011000000000000000111110000000000001111111100000000001111111111100000000011111111111000000000111111111111000000011111101111110000000111111000111100000001111100000011100000111111000000001000001111110000000000000011100000000000000000000000000000000000000000000000000000000000000000000000000
3 (9,12) (10,6) (19,16) 20 20 0000000000000000000000000000000000000000000000000000000000000000000000000000000000000000000000000000000000000000000000000000000000000000000000000000000000000000000000000000000000000000000001111000000000000001111110000000000000001111100000000000000001111100000000000000001111000000000000000000111000000000000000000110000000000000000000100000000000000000000100000000000000000000000000000000000000000000
7 (10,13) (16,3) (16,5) (13,8) (14,9) (19,19) (12,16) 20 20 0000000000000000000000000000000000000000000000000000000000000000000000000000000000000000000000000000000000000000000000000000000000000000000000000000000000000000000000000000000000000000000000000000000000000000000001000000000000000001111100000000000001111111100000000000011111111000000000100011111111000000110000001111110000000000000000111100000000000000000011100000000000000000001000000000000000000000
6 (3,15) (3,14) (1,6) (4,3) (8,7) (12,7) 20 20 0000000000000000000000000011000000000000000001111111000000000000111111111110000000001111111111000000000001111111100000000000001111110000000000000001111100000000000000011110000000000000000111000000000000000001100000000000000000010000000000000000000000000000000000000000000000000000000000000000000000000000000000000000000000000000000000000000000000000000000000000000000000000000000000000000000000000000
4 (7,16) (8,11) (18,2) (14,17) 20 20 0000000000000000000000000000000000000000000000000000000000000000000000000000000000000000000000000000000000000000000000000000000000000000000000000000000000111000000000000001111110000000000000111111100000000000011111111000000000001111111110000000000111111111100000000001111111111000000000111111111100000000011111110000000000001111000000000000000100000000000000000000000000000000000000000000000000000000
7 (9,12) (0,19) (4,15) (7,0) (9,0) (10,9) (11,4) 20 20 0000000000000000000000000000000000000000000000000000000001000000000000000000100000000000000001110000000000001111111000000001111111111100000011111111111111000000111111111111100000000000011111100000000000000000000000000000000000000000000000000000000000000000000000000000000000000000000000000000000000000000000000000000000000000000000000000000000000000000000000000000000000000000000000000000000000000000
4 (0,8) (10,2) (18,2) (19,15) 20 20 0000000010000000000000000000100000000000000000011000000000000000001111000000000000000011110000000000000001111110000000000000011111100000000000001111111000000000000111111111000000000001111111110000000000111111111100000000001111111111100000000011111111111000000000111111111110000000001111111111110000000011111111111100000000111111111111100000001111111111111000000000000001111110000000000000000000000000
6 (4,18) (5,12) (6,9) (12,4) (12,12) (15,17) 20 20 0000000000000000000000000000000000000000000000000000000000000000000000000000000000000000000000001100000000000001111111000000000001111111110000000000111111111100000000011111111111000000000111111111110000000011111111111100000001111111111111000000000000000111110000000000000000011100000000000000000001000000000000000000000000000000000000000000000000000000000000000000000000000000000000000000000000000000
8 (10,19) (4,6) (17,3) (19,1) (13,7) (14,9) (15,9) (18,15) 20 20 0000000000000000000000000000000000000000000000000000000000000000000000000000000000000011000000000000000000111100000000000000001111110000000000000011111111000000000001111111111100000000011111111111110000000111111111111110000001111111111111100000011111111111110000001110111111111100000011000111111110000000100000111111100000000000000011110000000000000000001100000000000000000000000000000000000000000000
4 (2,4) (16,3) (19,13) (13,13) 20 20 0000000000000000000000000000000000000000000010000000000000000000110000000000000000001110000000000000000011100000000000000000111100000000000000001111100000000000000011111100000000000000111111100000000000001111111000000000000011111111000000000000111111111000000000001111111110000000000011111111100000000000111111111000000000000111111110000000000000000111100000000000000000001000000000000000000000000000
8 (9,18) (6,19) (4,15) (3,3) (5,4) (10,3) (16,4) (14,8) 20 20 0000000000000000000000000000000000000000000000000000000000000000111111000000000000001111111111110000000011111111111111000000111111111111111000001111111111111110000011111111111111100000111111111111110000001111111111110000000011111111110000000000111111110000000000001111110000000000000011110000000000000000110000000000000000000000000000000000000000000000000000000000000000000000000000000000000000000000
6 (10,16) (6,15) (6,14) (3,14) (18,19) (14,18) 20 20 0000000000000000000000000000000000000000000000000000000000000000000000000010000000000000000000100000000000000000001000000000000000000000000000000000000000000000000000000000000000000000000000000000100000000000000000000000000000000000000000000000000000000000000000000000000000000000000000000000000000100000000000000000000000000000000000000000000000000000000000000000000000000000000000000000000000000000
3 (1,1) (19,10) (14,17) 20 20 0000000000000000000000000000000000000000001000000000000000000001100000000000000000011100000000000000000011100000000000000000111100000000000000000111100000000000000001111110000000000000001111110000000000000011111110000000000000011111110000000000000111111111000000000000111111111000000000001111111110000000000001111110000000000000011111000000000000000011100000000000000000100000000000000000000000000000
3 (10,15) (9,19) (7,0) 20 20 0000000000000000000000000000000000000000000000000000000000000000000000000000000000000000000000000000000000000000000000000000000000000000000000011000000000000000000000001111111000000000000000000111110000000000000000000000000000000000000000000000000000000000000000000000000000000000000000000000000000000000000000000000000000000000000000000000000000000000000000000000000000000000000000000000000000000000
5 (10,16) (5,7) (12,2) (11,10) (16,12) 20 20 0000000000000000000000000000000000000000000000000000000000000000000000000000000000000000000000000000000000010000000000000000001111000000000000000011111100000000000001111111110000000000111111111111000000001111111111110000000111100001111100000000000000011110000000000000000111000000000000000000110000000000000000001000000000000000000000000000000000000000000000000000000000000000000000000000000000000000
5 (4,16) (0,15) (1,11) (15,9) (14,19) 20 20 0000000000000011000000000000000111110000000000000001111100000000000000011111000000000000000111111000000000000001111110000000000000011111100000000000000111111100000000000011111111000000000000111111110000000000001111111100000000000011111111100000000000111111111000000000001111111110000000000011110000000000000000000000000000000000000000000000000000000000000000000000000000000000000000000000000000000000
3 (1,17) (1,11) (1,6) 20 20 0000000000000000000000000000000000000000000000000000000000000000000000000000000000000000000000000000000000000000000000000000000000000000000000000000000000000000000000000000000000000000000000000000000000000000000000000000000000000000000000000000000000000000000000000000000000000000000000000000000000000000000000000000000000000000000000000000000000000000000000000000000000000000000000000000000000000000
6 (2,8) (6,5) (11,9) (19,9) (13,15) (12,18) 20 20 0000000000000000000000000000000000000000000000001000000000000000000111000000000000000001111000000000000000111111000000000000001111111000000000000001111111000000000000011111111000000000000011111111000000000000011111111000000000000111111111000000000001111111100000000000011111100000000000000111110000000000000001111000000000000000011100000000000000000110000000000000000001000000000000000000000000000000
8 (9,18) (6,14) (2,2) (5,4) (9,4) (13,6) (18,3) (16,7) 20 20 0000000000000000000000000000000000000000000100000000000000000001111000000000000000001111110000000000000011111111100000000000111111111110000000001111111111110000000011111111111111000000011111111111110000000111111111110000000000111111111000000000001111111000000000000011111000000000000000111100000000000000001100000000000000000010000000000000000000000000000000000000000000000000000000000000000000000000
8 (5,17) (1,18) (3,3) (8,2) (10,7) (11,4) (12,1) (12,12) 20 20 0000000000000000000000000000000000011100000000011111111111000001111111111111110000011111111111111100000111111111111110000001111111111111000000011111111111110000000011111111111000000000001111111100000000000001111111000000000000011111100000000000000000000000000000000000000000000000000000000000000000000000000000000000000000000000000000000000000000000000000000000000000000000000000000000000000000000000
5 (2,18) (6,7) (0,0) (7,4) (13,19) 20 20 0000000000000000000001000000000000000000001000000000000001100011100000000011111000011100000011111110000011100111111111100000111111111111111000000011111111111110000000001111111111100000000000011111111000000000000001111110000000000000000011100000000000000000001000000000000000000000000000000000000000000000000000000000000000000000000000000000000000000000000000000000000000000000000000000000000000000000
6 (10,17) (3,15) (7,12) (2,1) (14,4) (16,4) 20 20 0000000000000000000000000000000000000000001000000000000000000011100000000001000000111110000000110000001111111000001100000001111111100111000000011111111111111000000111111111111110000001111111111111100000001111111111110000000011111111110000000000111111110000000000001111110000000000000011110000000000000000110000000000000000000000000000000000000000000000000000000000000000000000000000000000000000000000
8 (0,11) (7,1) (12,4) (14,2) (17,4) (13,10) (16,16) (14,17) 20 20 0000000000010000000000000000011100000000000000001111100000000000000111111000000000000111111110000000000011111111110000000011111111111100000000111111111111100000001111111111111000000001111111111111000000001111111111110000000011111111111100000000111111111111100000001111110111111000000011110000011110000000111000000001100000001000000000000000000000000000000000000000000000000000000000000000000000000000
5 (4,4) (8,0) (14,1) (18,0) (17,8) 20 20 0000000000000000000000000000000000000000000000000000000000000000000000000000000000001000000000000000000110000000000000000011100000000000000001111100000000000000011111000000000000000111110000000000000001111100000000000000011111100000000000000111111000000000000001111110000000000000011111110000000000000111111100000000000001111111000000000000011110000000000000000000000000000000000000000000000000000000
8 (6,13) (8,9) (8,7) (13,7) (18,5) (17,12) (16,19) (11,19) 20 20 0000000000000000000000000000000000000000000000000000000000000000000000000000000000000000000000000000000000000000000000000000000000000100000000000000000111100000000000011111111100000000000111111111110000000001111111111110000000011111111111100000000111111111111000000001111111111110000000011111111111100000000111111111111000000011111111110000000000111000000000000000000000000000000000000000000000000000
7 (4,18) (1,5) (7,2) (9,7) (10,0) (12,1) (14,3) 20 20 0000000000000000000000000111000000000000000001111111000000000000111111111111000000001111111111111100000111111111111100000001111111111110000000001111111110000000000000111111000000000000000111000000000001000001100000000000010000000000000000000000000000000000000000000000000000000000000000000000000000000000000000000000000000000000000000000000000000000000000000000000000000000000000000000000000000000000
5 (1,11) (7,9) (2,1) (8,4) (17,15) 20 20 0000000000000000000000000000000100000000000000000001000000000011000000010000000000011000001100000000000111100011100000000000111110111000000000001111111110000000000001111111100000000000001111111100000000000000111111000000000000000111110000000000000000111100000000000000000111100000000000000000111000000000000000000010000000000000000000000000000000000000000000000000000000000000000000000000000000000000
6 (9,19) (2,11) (3,5) (17,0) (19,9) (15,19) 20 20 0000000000000000000000000000000000000000000000001111000000000000011111111000000000000111111111000000000001111111111000000000111111111111100000001111111111111100000011111111111111100001111111111111111000011111111111111110001111111111111111100011111111111111111000111111111111111110011111111111111111100111111111111111110001111111111111110000000111111111100000000000000111100000000000000000000000000000
7 (6,18) (4,16) (0,4) (4,3) (5,1) (8,2) (12,17) 20 20 0000110000000000000000001111100000000000000011111111000000000000111111111110000000011111111111111000001111111111111111000011111111111111110000111111111111111100000011111111111111000000000011111111110000000000000011111100000000000000000011000000000000000000000000000000000000000000000000000000000000000000000000000000000000000000000000000000000000000000000000000000000000000000000000000000000000000000
8 (8,19) (4,10) (4,6) (6,4) (12,0) (12,3) (13,8) (12,12) 20 20 0000000000000000000000000000000000000000000000000000000000000000000000000000000000000011111100000000000001111111110000000000111111111111000000001111111111111100000111111111111111100011111111111111100000111111111111100000011111111111100000000000001111100000000000000000000000000000000000000000000000000000000000000000000000000000000000000000000000000000000000000000000000000000000000000000000000000000
5 (9,15) (2,3) (8,6) (11,6) (17,16) 20 20 0000000000000000000000000000000000000000000000000000000000000000110000000000000000000111000000000000000001111000000000000000001111100000000000000011111110000000000000111111111000000000001111111111000000000011111111110000000000011111111100000000000001111111000000000000000111110000000000000000111100000000000000000011000000000000000000000000000000000000000000000000000000000000000000000000000000000000
3 (1,10) (12,7) (12,17) 20 20 0000000000000000000000000000001000000000000000000010000000000000000000110000000000000000001110000000000000000111100000000000000001111100000000000000011111100000000000001111111000000000000011111111000000000000111111111000000000001111111110000000000000000000000000000000000000000000000000000000000000000000000000000000000000000000000000000000000000000000000000000000000000000000000000000000000000000000
3 (4,5) (6,0) (18,13) 20 20 0000000000000000000000000000000000000000000000000000000000000000000000000000000000001100000000000000001111000000000000000111111000000000000000111110000000000000000111110000000000000000111110000000000000000111100000000000000000111100000000000000000011000000000000000000011000000000000000000010000000000000000000010000000000000000000010000000000000000000000000000000000000000000000000000000000000000000
3 (8,15) (5,11) (15,13) 20 20 0000000000000000000000000000000000000000000000000000000000000000000000000000000000000000000000000000000000000000000000000000000000001000000000000000000011100000000000000000111000000000000000001110000000000000000001100000000000000000011000000000000000000100000000000000000001000000000000000000010000000000000000000000000000000000000000000000000000000000000000000000000000000000000000000000000000000000
5 (6,16) (1,15) (14,5) (17,9) (11,14) 20 20 0000000000000000000000000000000000010000000000000000001100000000000000000011000000000000000001110000000000000000111100000000000000011111000000000000001111110000000000000011111100000000000001111110000000000000111111100000000000011111110000000000000111111000000000000011111100000000000000111111000000000000000111100000000000000000010000000000000000000000000000000000000000000000000000000000000000000000
4 (3,13) (2,12) (12,5) (17,18) 20 20 0000000000000000000000000000000000000000000000000000100000000000000000011100000000000000000111000000000000000011110000000000000001111110000000000000011111100000000000001111111000000000000111111111000000000001111111110000000000111111111110000000000111111111100000000000011111111000000000000000111111000000000000000001110000000000000000000100000000000000000000000000000000000000000000000000000000000000
7 (0,5) (1,3) (7,0) (17,8) (15,10) (19,11) (15,14) 20 20 0000010000000000000000011100000000000000000111100000000000000011111100000000000000111111000000000000011111111000000000000111111110000000000001111111110000000000001111111110000000000011111111100000000000011111111100000000000011111111000000000000011111111000000000000011111111000000000000111111110000000000000111011100000000000000100110000000000000000001100000000000000000010000000000000000000000000000
3 (11,4) (14,1) (18,17) 20 20 0000000000000000000000000000000000000000000000000000000000000000000000000000000000000000000000000000000000000000000000000000000000000000000000000000000000000000000000000000000000000000000000000000000000000000000000000000000010000000000000000001111000000000000000111111100000000000000111111110000000000000000111111000000000000000000111100000000000000000000110000000000000000000000000000000000000000000
4 (4,1) (17,2) (15,11) (13,19) 20 20 0000000000000000000000000000000000000000000000000000000000000000000000000000000000000000000000000000001100000000000000000011110000000000000000111111000000000000001111111100000000000011111111110000000000111111111111000000001111111111111100000011111111111111110000111111111111111100001111111111110000000011111110000000000000111000000000000000000000000000000000000000000000000000000000000000000000000000
5 (10,15) (2,19) (9,0) (11,4) (12,17) 20 20 0000000000000000000000000000000000000000000000000000000000100000000000000001111000000000000001111100000000000011111111000000000111111111100000000111111111111000001111111111111100000111111111111111000000011111111111100000000000000001111000000000000000000000000000000000000000000000000000000000000000000000000000000000000000000000000000000000000000000000000000000000000000000000000000000000000000000000
8 (8,15) (7,8) (1,3) (7,2) (10,4) (10,3) (14,0) (12,6) 20 20 0000000000000000000000010000000000000000000110000000000000000001110000000000000000011100000000000000000111100000000000000001111100000000000000011111111100000000000111111111110000000000111111110000000000001111110000000000000011110000000000000000100000000000000001000000000000000000000000000000000000000000000000000000000000000000000000000000000000000000000000000000000000000000000000000000000000000000
3 (6,10) (18,16) (12,19) 20 20 0000000000000000000000000000000000000000000000000000000000000000000000000000000000000000000000000000000000000000000000000000000000000000000000000000000110000000000000000000110000000000000000001111000000000000000001111000000000000000011111100000000000000011111000000000000000111110000000000000000111000000000000000001110000000000000000001000000000000000000010000000000000000000000000000000000000000000
3 (4,18) (1,18) (13,18) 20 20 0000000000000000000000000000000000000000000000000000000000000000000000000000000000000000000000000000000000000000000000000000000000000000000000000000000000000000000000000000000000000000000000000000000000000000000000000000000000000000000000000000000000000000000000000000000000000000000000000000000000000000000000000000000000000000000000000000000000000000000000000000000000000000000000000000000000000000
8 (5,11) (7,10) (10,1) (11,4) (18,8) (15,10) (13,12) (13,14) 20 20 0000000000000000000000000000000000000000000000000000000000000000000000000000000000000000000000000000000000000001000000000000000000010000000000000000011100000000000000111111100000000001111111111000000000011111111111000000000001111111110000000000011111111100000000000011111100000000000000111110000000000000000111000000000000000000110000000000000000001000000000000000000000000000000000000000000000000000
5 (10,18) (10,5) (13,2) (18,4) (13,19) 20 20 0000000000000000000000000000000000000000000000000000000000000000000000000000000000000000000000000000000000000000000000000000000000000000000000000000000000000000000000000000000000000000000000000000000000000111111111111110000011111111111111100001111111111111111000011111111111111100000111111111111000000001111111110000000000001111100000000000000011000000000000000000000000000000000000000000000000000000
5 (10,12) (0,16) (10,4) (19,6) (15,12) 20 20 0000000000000000000000000000000000010000000000000000001100000000000000001110000000000000000111100000000000000011110000000000000001111100000000000000111111000000000000111111100000000000011111111000000000000111111100000000000001111111000000000000011111110000000000000111111100000000000001111111000000000000001111110000000000000011110000000000000000111000000000000000001000000000000000000000000000000000
8 (4,14) (4,10) (6,10) (5,2) (9,1) (15,1) (19,19) (14,17) 20 20 0000000000000000000000000000000000000000000000000000000000000000000000000000000000000000001111100000001111000011111000000011111111111110000000111111111111110000001111111111111100000111111111111111000001111111111111110000011111111111111110000111111111111111100001111111111111111000011111111111111111000000111111111111110000000000111111111100000000000000011111100000000000000000011000000000000000000000
4 (2,4) (3,4) (15,2) (16,12) 20 20 0000000000000000000000000000000000000000000010000000000000000000100000000000000000001100000000000000000011000000000000000000111000000000000000001111000000000000000011110000000000000001111110000000000000011111100000000000000111111100000000000001111111000000000000011111111000000000000111111111000000000000000111110000000000000000000000000000000000000000000000000000000000000000000000000000000000000000
8 (9,17) (7,14) (5,13) (6,4) (5,1) (7,0) (15,1) (15,12) 20 20 0000000000000000000000000000000000000000000000000000000000000000000000000000000000000000000000000000011000000111110000000111111111111100000001111111111111100000011111111111111110000111111111111111100001111111111111110000011111111111111000000111111111111110000001111111111111000000011111111111100000000000000000000000000000000000000000000000000000000000000000000000000000000000000000000000000000000000
7 (9,14) (7,9) (4,6) (0,2) (3,3) (9,2) (13,8) 20 20 0000000000000000000000010000000000000000000110000000000000000001110000000000000000011110000000000000000111110000000000000001111110000000000000011111111000000000000111111111100000000001111111111100000000000111111100000000000000111110000000000000000010000000000000000000000000000000000000000000000000000000000000000000000000000000000000000000000000000000000000000000000000000000000000000000000000000000
4 (8,4) (14,7) (14,9) (17,12) 20 20 0000000000000000000000000000000000000000000000000000000000000000000000000000000000000000000000000000000000000000000000000000000000000000000000000000000000000000000000000000000000000000010000000000000000000010000000000000000000110000000000000000000100000000000000000001100000000000000000000000000000000000000000000000000000000000000000000000000000000000000000000000000000000000000000000000000000000000
7 (10,18) (3,17) (7,12) (1,11) (2,4) (8,0) (16,11) 20 20 0000000000000000000000000000111100000000000011111111000000000000111111110000010000011111111100001100001111111111001111000011111111110111110001111111111111111100011111111111111111000001111111111111110000001111111111111100000001111111111110000000000111111111000000000000111111000000000000000111100000000000000000010000000000000000000000000000000000000000000000000000000000000000000000000000000000000000
7 (10,12) (8,19) (4,9) (1,6) (5,7) (6,4) (13,15) 20 20 0000000000000000000000000000000000000000000000010000000000000000000110000000000000000001111000000000000000011111100000000000010111111111000000000001111111111100000000001111111111000000000000111100000000000000000000000000000000000000000000000000000000000000000000000000000000000000000000000000000000000000000000000000000000000000000000000000000000000000000000000000000000000000000000000000000000000000
5 (1,18) (0,14) (2,4) (8,2) (19,1) 20 20 0000000000001111000000000001111111111100000011111111111110000000111111111111000000001111111111100000000111111111110000000001111111111000000000011111111100000000001111111110000000000011111111000000000000111111110000000000001111111000000000000011111100000000000000111110000000000000001111000000000000000011100000000000000000110000000000000000001000000000000000000000000000000000000000000000000000000000
6 (5,11) (2,5) (6,6) (5,3) (6,0) (9,3) 20 20 0000000000000000000000000000000000000000000000000000000000000000001100000000000000000011110000000000001110111110000000000111101110000000000000111010000000000000000110000000000000000000000000000000000000000000000000000000000000000000000000000000000000000000000000000000000000000000000000000000000000000000000000000000000000000000000000000000000000000000000000000000000000000000000000000000000000000000
6 (5,18) (5,10) (6,6) (8,2) (9,4) (13,18) 20 20 0000000000000000000000000000000000000000000000000000000000000000000000000000000000000000000000000000000000000111111111000000001111111111110000001111111111111100000111111111111111000000001111111111110000000000001111111100000000000000011111000000000000000000010000000000000000000000000000000000000000000000000000000000000000000000000000000000000000000000000000000000000000000000000000000000000000000000
6 (5,15) (13,5) (17,0) (15,11) (17,12) (14,16) 20 20 0000000000000000000000000000000000000000000000000000000000000000000000000000000000000000000000000000000000000000000100000000000000000011000000000000000011110000000000000001111100000000000000111111000000000000011111110000000000011111111100000000001111111111000000000111111111110000000011111111111100000011111110001110000001100000000010000000000000000000000000000000000000000000000000000000000000000000
6 (9,16) (3,11) (8,10) (2,3) (11,0) (12,2) 20 20 0000000000000000000000000000000000000000000100000000000000000001100000010000000000011100000110000000001111110001110000000011111110011100000000111111110111100000011111111111111100000111111111111100000001111111100000000000011110000000000000000000000000000000000000000000000000000000000000000000000000000000000000000000000000000000000000000000000000000000000000000000000000000000000000000000000000000000
5 (8,11) (2,10) (0,9) (13,2) (18,17) 20 20 0000000001000000000000000000010000000000000000001110000000000000000011100000000000000001111000000000000000011110000000000000001111100000000000000111111000000000000001111111000000000000111111110000000000001111111110000000000111111111110000000001111111111100000000001111111111100000000000011111111000000000000000111111000000000000000001111000000000000000000010000000000000000000000000000000000000000000
6 (7,18) (0,19) (2,5) (11,9) (19,1) (19,8) 20 20 0000000000000000111000000000011111111110000000111111111111100000001111111111111000000001111111111110000000011111111111100000000111111111111000000000111111111100000000001111111110000000000001111111000000000000011111110000000000000111111000000000000001111100000000000000011110000000000000000111000000000000000001100000000000001000011000000000000110000100000000000011100000000000000000000000000000000000
3 (6,17) (13,8) (18,6) 20 20 0000000000000000000000000000000000000000000000000000000000000000000000000000000000000000000000000000000000000000000000000000000000000000000000000000000000000000000000000000001000000000000000000100000000000000000010000000000000000011000000000000000001110000000000000000111000000000000000001100000000000000000010000000000000000001000000000000000000000000000000000000000000000000000000000000000000000000
3 (0,18) (15,14) (13,13) 20 20 0000000000000000000000000000000000000000000000000000000000000000000000000000010000000000000000000000000000000000000010000000000000000000100000000000000000001000000000000000000100000000000000000001000000000000000000110000000000000000001000000000000000000010000000000000000000100000000000000000001000000000000000000000000000000000000000000000000000000000000000000000000000000000000000000000000000000000
5 (0,18) (4,11) (2,9) (3,8) (16,11) 20 20 0000000000000000000000000000000000001100000000000100001110000000000001101111100000000000011111111000000000000111111100000000000001111111000000000000001111100000000000000011111000000000000000111100000000000000001111000000000000000011100000000000000000011000000000000000000110000000000000000001000000000000000000010000000000000000000000000000000000000000000000000000000000000000000000000000000000000000
6 (10,14) (3,14) (9,10) (11,3) (14,10) (14,15) 20 20 0000000000000000000000000000000000000000000000000000000000000000000000000000000000000000000000000000000000000000010000000000000000001100000000000000000011000000000000000001110000000000000001111100000000000111111111100000000001111111111000000000000111111110000000000000011111100000000000000000000000000000000000000000000000000000000000000000000000000000000000000000000000000000000000000000000000000000
6 (3,17) (11,1) (11,9) (18,7) (15,11) (15,15) 20 20 0000000000000000000000000000000000000000000000000000000000000000000000000000000000000000000000011000000000000000011110000000000000011111100000000000011111111000000000011111111110000000011111111111000000011111111111110000000000000111111100000000000001111111000000000000011111110000000000000111111100000000000001100000000000000000010000000000000000000000000000000000000000000000000000000000000000000000
7 (0,19) (3,13) (2,8) (11,9) (18,18) (16,17) (12,18) 20 20 0000000000000000000000000000000000000110000000000110000111100000000001111111111000000000011111111110000000000111111111100000000001111111111000000000011111111110000000000111111111100000000001111111111000000000011111111110000000000011111111100000000000011111110000000000000001111100000000000000001111000000000000000001110000000000000000000000000000000000000000000000000000000000000000000000000000000000
6 (10,16) (6,10) (3,2) (6,1) (11,1) (12,16) 20 20 0000000000000000000000000000000000000000000000000000000000000011000000000000000000111100000000000000001111111000000000000111111111100000000001111111111110000000011111111111110000000111111111111111000001111111111111110000000000000111111100000000000000000000000000000000000000000000000000000000000000000000000000000000000000000000000000000000000000000000000000000000000000000000000000000000000000000000
5 (1,9) (1,7) (0,5) (19,8) (11,10) 20 20 0000000000000000000000000011110000000000000000111100000000000000001111000000000000000011110000000000000000111100000000000000000111000000000000000001110000000000000000011100000000000000000111000000000000000001110000000000000000011100000000000000000111000000000000000000110000000000000000001100000000000000000010000000000000000000100000000000000000001000000000000000000010000000000000000000000000000000
4 (7,17) (5,17) (4,18) (1,5) 20 20 0000000000000000000000000011000000000000000000001111000000000000000000111111000000000000000011111100000000000000001110000000000000000000100000000000000000000000000000000000000000000000000000000000000000000000000000000000000000000000000000000000000000000000000000000000000000000000000000000000000000000000000000000000000000000000000000000000000000000000000000000000000000000000000000000000000000000000
3 (10,18) (10,8) (15,12) 20 20 0000000000000000000000000000000000000000000000000000000000000000000000000000000000000000000000000000000000000000000000000000000000000000000000000000000000000000000000000000000000000000000000000000000000000000011111111100000000000011111110000000000000111111000000000000000111000000000000000000100000000000000000000000000000000000000000000000000000000000000000000000000000000000000000000000000000000000
3 (9,17) (8,8) (10,8) 20 20 0000000000000000000000000000000000000000000000000000000000000000000000000000000000000000000000000000000000000000000000000000000000000000000000000000000000000000000000001111100000000000000011111000000000000000000000000000000000000000000000000000000000000000000000000000000000000000000000000000000000000000000000000000000000000000000000000000000000000000000000000000000000000000000000000000000000000000
8 (8,15) (9,12) (0,4) (8,2) (10,4) (15,1) (19,14) (17,19) 20 20 0000100000000000000000001100000000000000000011100000000000000000111100000000000000011111000000000000000111111000000000000001111111000000000000011111111000000000000111111111001100000000111111111111000000001111111111111000000011111111111110000000111111111111100000001111111111111100000011111111111111000000111111111111111000000011111111111110000000000011111111000000000000000111000000000000000000000000
8 (5,19) (1,16) (2,12) (1,6) (0,1) (13,2) (18,3) (17,7) 20 20 0011000000000000000000111111110000011000001111111111111111000011111111111111110000111111111111111110001111111111111111100011111111111111110000111111111111111000001111111111111100000011111111111110000000111111111111000000001111111111100000000011111111110000000000011111111000000000000111111100000000000001111110000000000000011111000000000000000111000000000000000000000000000000000000000000000000000000
7 (9,14) (9,12) (0,16) (19,0) (14,8) (13,13) (15,18) 20 20 0000000000000000000000000000000000010000000000000000001000000000000000000010000000000000000001100000000000000000110000000000000000011100000000000000001110000000000000000111100000000000000001110000000000000000111100000000000000011111000000000000001111110000100000000111111000001000000011110000000001000001110000000000000000011000000000000000001000000000000000000000000000000000000000000000000000000000
4 (8,7) (8,1) (11,1) (19,4) 20 20 0000000000000000000000000000000000000000000000000000000000000000000000000000000000000000000000000000000000000000000000000000000000000000000000000000000000000000011111100000000000000111111000000000000001111110000000000000001111100000000000000011110000000000000000111100000000000000000111000000000000000001100000000000000000001000000000000000000010000000000000000000100000000000000000000000000000000000
6 (9,19) (8,14) (16,3) (19,1) (18,10) (18,17) 20 20 0000000000000000000000000000000000000000000000000000000000000000000000000000000000000000000000000000000000000000000000000000000000000000000000000000000000000000000000000000001110000000000000001111111000000000000111111110000000000011111111100000000011111111111000000001111111111110000000111111111111000000111111111111110000011111111111111100000111111111111111000011110000000000000000000000000000000000
8 (3,8) (8,2) (11,7) (14,1) (19,3) (14,15) (15,17) (12,16) 20 20 0000000000000000000000000000000000000000000000000000000000000000000010000000000000000001110000000000000001111110000000000000111111110000000000011111111100000000000111111111100000000000011111111100000000000001111111100000000000011111111100000000000111111111100000000001111111111000000000011111110010000000000111110000000000000001110000000000000000000000000000000000000000000000000000000000000000000000
3 (0,3) (14,7) (18,18) 20 20 0000000000000000000000001000000000000000000011000000000000000000110000000000000000000110000000000000000001110000000000000000011110000000000000000011110000000000000000111110000000000000001111100000000000000011111100000000000000011111100000000000000111111100000000000001111111100000000000000111111100000000000000001111000000000000000000111000000000000000000001000000000000000000000000000000000000000000
6 (3,18) (9,9) (8,7) (11,4) (17,13) (11,17) 20 20 0000000000000000000000000000000000000000000000000000000000000000000000000000000000000000000000001100000000000000000111000000000000000111110000000000000011111100000000010011111111000000001111111111110000000111111111111100000001111111111110000000000111111111100000000000111111110000000000000011111000000000000000011110000000000000000001000000000000000000000000000000000000000000000000000000000000000000
4 (10,11) (9,2) (16,16) (15,17) 20 20 0000000000000000000000000000000000000000000000000000000000000000000000000000000000000000000000000000000000000000000000000000000000000000000000000000000000000000000000000000000000000001111000000000000000000111111100000000000000011111100000000000000001111110000000000000000111110000000000000000011110000000000000000001100000000000000000000000000000000000000000000000000000000000000000000000000000000000
4 (2,16) (7,8) (9,6) (14,0) 20 20 0000000000000000000000000000000000000000000000000000000000000000000000000010000000000000000000000000000000000001000000000000000001100000000000000000100000000000000000010000000000000000001000000000000000000000000000000000000000000000000000000010000000000000000000000000000000000000000000000000000000000000000000000000000000000000000000000000000000000000000000000000000000000000000000000000000000000000
3 (6,17) (18,8) (18,17) 20 20 0000000000000000000000000000000000000000000000000000000000000000000000000000000000000000000000000000000000000000000000000000000000000000000000000000000000001000000000000000000010000000000000000001100000000000000000111000000000000000011110000000000000000111100000000000000011111000000000000001111110000000000000111111100000000000001111111000000000000111111110000000000000000000000000000000000000000000
