5 (4,5) (7,0) (9,2) (8,3) (7,6) 10 10 0000000000000000000000000000000000000000000001000000011100000111110000011110000000100000000000000000
4 (4,9) (4,7) (2,7) (8,3) 10 10 0000000000000000000000000000000000000000000000111000000110000000010000000000000000000000000000000000
6 (5,7) (0,2) (1,2) (1,1) (0,0) (5,2) 10 10 0010000000011100000001111000000011110000001111100000000000000000000000000000000000000000000000000000
5 (5,8) (5,9) (2,2) (2,1) (9,8) 10 10 0000000000000000000000110000000001110000000011110000000111000000001100000000010000000000000000000000
6 (3,5) (0,4) (5,4) (5,3) (8,4) (8,8) 10 10 0000100000000010000000001000000000110000000011000000001110000000111100000011110000000000000000000000
5 (4,5) (3,4) (0,1) (7,4) (9,7) 10 10 0000000000001000000000010000000001100000000111000000001100000000110000000001100000000000000000000000
3 (2,0) (5,3) (8,8) 10 10 0000000000000000000000000000000000000000000100000000001000000000000000000000000000000000000000000000
6 (2,4) (0,3) (4,1) (4,0) (6,2) (8,2) 10 10 0001000000000100000000110000000011000000011100000000100000000010000000001000000000000000000000000000
4 (2,8) (0,7) (8,0) (9,3) 10 10 0000000100000000110000000111000000111000000011100000011100000011100000011110000000110000000000000000
6 (2,7) (0,1) (2,2) (3,2) (3,0) (5,0) 10 10 0010000000001111000000111100001111000000110000000000000000000000000000000000000000000000000000000000
4 (3,9) (0,7) (3,3) (6,9) 10 10 0000000100000000110000001111100000111110000000111000000000100000000000000000000000000000000000000000
7 (3,9) (1,9) (3,5) (5,2) (6,0) (9,2) (6,9) 10 10 0000000000000000000000000001100000011110000111111000111111100111111100011111000000110000000000000000
8 (1,7) (2,1) (5,4) (5,0) (6,2) (9,3) (7,5) (6,7) 10 10 0000000000000001100000111110000001111000000011100001111110000001111000000110000000010000000000000000
4 (3,3) (5,4) (8,2) (6,6) 10 10 0000000000000000000000000000000000000000000010000000001100000000110000000100000000000000000000000000
8 (0,8) (4,5) (0,2) (2,2) (3,3) (5,1) (7,0) (6,6) 10 10 0010000000001100010000010001000001101000001111100001111110000111000000000000000000000000000000000000
8 (3,8) (0,4) (1,4) (3,3) (3,2) (5,3) (5,1) (8,7) 10 10 0000100000000011000000001111000001111100000111110000111111000000111100000000110000000000000000000000
7 (1,7) (3,5) (2,0) (5,4) (6,2) (9,6) (7,8) 10 10 0000000000000000010001100011000011111100000011110000001111000001111100000011110000000010000000000000
3 (5,6) (5,3) (7,4) 10 10 0000000000000000000000000000000000000000000000000000001100000000100000000000000000000000000000000000
6 (4,8) (3,9) (1,1) (8,2) (9,8) (7,8) 10 10 0000000000001000000000111110000011111110001111110000111111000011111100001111110000000111000000000000
5 (1,8) (0,8) (0,3) (3,0) (8,7) 10 10 0001111100001111110001111111000111111100000111110000001111000000011100000000010000000000000000000000
7 (5,7) (4,6) (2,7) (1,4) (0,0) (9,1) (7,6) 10 10 0100000000011111000001111110000111111000011111100001111110000111111000011110000001100000000000000000
5 (3,5) (0,4) (3,0) (5,3) (8,8) 10 10 0000100000000110000001111000000111110000000111000000001110000000001100000000000000000000000000000000
5 (4,7) (2,6) (4,4) (7,5) (7,6) 10 10 0000000000000000000000000010000000011000000001100000000110000000011000000000000000000000000000000000
3 (2,1) (4,0) (7,8) 10 10 0000000000000000000001000000000111000000001110000000001100000000000100000000000000000000000000000000
5 (1,5) (0,1) (6,1) (8,4) (7,7) 10 10 0110000000011111000001111100000111110000011111100001111110000011111000000011000000000000000000000000
7 (1,4) (2,3) (1,1) (3,2) (7,0) (9,8) (7,8) 10 10 0000000000000010000000111000000011110000001111100001111110000111111100001111110000000011000000000000
3 (4,6) (1,2) (9,8) 10 10 0000000000000000000000000000000000110000000001100000000010000000000000000000010000000000000000000000
7 (2,9) (2,7) (4,5) (3,4) (2,0) (6,6) (6,7) 10 10 0000000000000000000001000001100001101110000011110000000011000000000000000000000000000000000000000000
6 (0,9) (0,6) (4,4) (6,0) (8,4) (8,6) 10 10 0000001110000000111000000111100000011100000011110000111110000111111000000111100000000000000000000000
4 (3,0) (8,5) (8,6) (6,7) 10 10 0000000000000000000000000000000100000000001100000000011100000000111000000001100000000000000000000000
7 (5,8) (0,7) (2,3) (0,0) (4,3) (6,1) (6,4) 10 10 0000000100001001110000111111000001111100000111110000111110000000000000000000000000000000000000000000
7 (1,7) (0,7) (2,5) (1,2) (3,3) (9,8) (6,9) 10 10 0000000000000100110000011111000000111100000001111000000011100000001110000000011000000000100000000000
3 (2,6) (7,2) (9,0) 10 10 0000000000000000000000000000000000000000000010000000000000000000000000000000000000000000000000000000
4 (5,8) (4,7) (1,5) (9,8) 10 10 0000000000000000000000000000000000001000000000010000000001000000000000000000000000000000000000000000
7 (4,8) (2,8) (1,9) (1,3) (4,3) (6,5) (9,8) 10 10 0000000000000111111000011111000001111100000011110000000111000000001100000000010000000000000000000000
6 (2,8) (1,9) (1,7) (3,4) (7,0) (7,3) 10 10 0000000000000000011000000111000000111000000111000000111000000111000000000000000000000000000000000000
8 (5,7) (3,7) (1,6) (2,3) (0,1) (3,3) (4,1) (8,9) 10 10 0000000000001001100000011110000001111000001111100000001111000000001100000000001000000000000000000000
7 (0,8) (1,2) (2,2) (1,1) (5,0) (7,2) (6,9) 10 10 0000011110011111111001111111100111111110011111111001111111100011110000000000000000000000000000000000
7 (2,8) (0,5) (0,1) (2,0) (4,3) (5,2) (9,7) 10 10 0111110000011111110001111111000001111100000111110000011111000000111100000000110000000001000000000000
6 (2,9) (2,7) (1,1) (3,0) (7,1) (7,6) 10 10 0000000000011110000001111111100111111110011111110001111110000111111000000000000000000000000000000000
7 (1,7) (0,3) (2,2) (3,1) (4,1) (7,1) (6,6) 10 10 0001100000000111100000111110000111111000011111100001111110000111000000000000000000000000000000000000
5 (5,8) (4,8) (2,1) (5,1) (6,3) 10 10 0000000000000000000001100000000111111000011111110000111100000000000000000000000000000000000000000000
6 (4,9) (4,6) (3,5) (2,4) (7,7) (6,8) 10 10 0000000000000000000000000000000000010000000000111000000001100000000100000000000000000000000000000000
6 (0,5) (7,1) (8,1) (9,0) (9,4) (8,5) 10 10 0000000000000000000000001000000000100000000110000000111000000011100000011110000001111000000000000000
5 (1,0) (4,2) (7,0) (8,3) (8,6) 10 10 0000000000000000000001000000000010000000001100000000110000000111100000001111000000000000000000000000
3 (1,9) (0,5) (8,2) 10 10 0000011000000001111000000111000000111000000011000000011000000001000000000000000000000000000000000000
5 (2,5) (2,3) (1,1) (7,4) (8,4) 10 10 0000000000000000000000111000000001100000000110000000001000000000100000000010000000000000000000000000
4 (1,6) (0,3) (5,2) (6,7) 10 10 0001100000000111100000011110000001111000000111100000000110000000000000000000000000000000000000000000
7 (4,7) (0,3) (0,0) (3,2) (4,1) (5,2) (6,8) 10 10 0111000000011110000000111100000011111000001111110000000011000000000000000000000000000000000000000000
4 (2,5) (2,2) (7,3) (6,6) 10 10 0000000000000000000000011100000001110000000111000000011100000001100000000000000000000000000000000000
7 (3,4) (0,1) (3,1) (3,0) (6,1) (6,2) (9,6) 10 10 0100000000011000000001110000000111100000011110000001111000000001110000000011000000000000000000000000
8 (2,5) (1,4) (3,4) (2,2) (7,2) (6,5) (9,8) (8,8) 10 10 0000000000000010000000101100000011110000001111100000111110000011001100000000010000000000000000000000
5 (2,8) (0,3) (2,3) (8,4) (9,7) 10 10 0001100000000111100000001111000000111100000011110000001111000000111100000011110000000011000000000000
6 (3,8) (2,6) (1,6) (3,5) (0,0) (1,0) 10 10 1000000000001000000000000110000000000000000000000000000000000000000000000000000000000000000000000000
5 (4,2) (5,1) (7,2) (9,0) (9,2) 10 10 0000000000000000000000000000000000000000000000000000000000000000000000000000000001000000000000000000
3 (3,0) (6,4) (8,3) 10 10 0000000000000000000000000000000000000000010000000000110000000001000000000100000000000000000000000000
3 (1,9) (2,1) (7,2) 10 10 0000000000000000111000111111000011111000001110000000110000000010000000000000000000000000000000000000
6 (5,8) (4,7) (2,6) (2,0) (8,1) (7,4) 10 10 0000000000000000000001111110000111111000011111110001111111000111110000011000000000000000000000000000
4 (0,8) (6,2) (8,2) (9,2) 10 10 0000000000000000010000000010000000010000000011000000011000000011000000001100000000100000000000000000
4 (0,5) (3,4) (8,2) (8,7) 10 10 0000010000000001000000000100000000110000000011100000001110000001111000000111100000000000000000000000
3 (2,4) (1,1) (6,9) 10 10 0000000000001000000000001000000000010000000000010000000000000000000000000000000000000000000000000000
7 (2,7) (3,6) (2,6) (1,1) (4,0) (7,0) (9,2) 10 10 0000000000011100000001111100000111110000111111000011111000001111000000011100000000100000000000000000
3 (1,9) (4,0) (9,5) 10 10 0000000000000000001000000111100011111100011111110000111110000001111000000011000000000100000000000000
3 (2,3) (4,2) (7,4) 10 10 0000000000000000000000010000000001000000000100000000010000000000000000000000000000000000000000000000
6 (1,1) (1,0) (2,0) (7,4) (9,8) (7,9) 10 10 0000000000110000000001100000000011100000001111000000011110000000111110000001111000000001100000000000
8 (2,8) (0,7) (0,2) (4,0) (6,3) (8,1) (8,3) (8,9) 10 10 0011111100001111110001111111100111111110011111111000011111100001111110001111111000000000000000000000
5 (0,1) (1,1) (7,1) (9,2) (7,5) 10 10 0100000000010000000001100000000110000000011100000001111000000111100000001110000000100000000000000000
6 (0,3) (2,2) (4,0) (5,4) (7,2) (6,5) 10 10 0001000000000100000000110000000111100000001110000000001000000001000000000000000000000000000000000000
6 (4,8) (4,5) (1,1) (1,0) (9,6) (6,7) 10 10 0000000000010000000000100000000011100000000111110000001111000000011000000001100000000010000000000000
5 (0,9) (1,1) (4,3) (9,0) (6,4) 10 10 0000001110001111110000111110000001111000000111000000011000000011000000011000000000000000000000000000
5 (1,4) (4,1) (5,3) (7,3) (9,5) 10 10 0000000000000010000000011000000011100000001110000000011000000001100000000010000000000000000000000000
4 (3,8) (4,5) (8,9) (7,9) 10 10 0000000000000000000000000000000000000110000000111000000001100000000010000000000000000000000000000000
4 (2,9) (0,6) (8,2) (7,9) 10 10 0000001000000000111000000111100000011110000011111000001111100001111110000111000000000000000000000000
6 (4,8) (3,8) (0,6) (0,2) (0,1) (2,1) 10 10 0111111000011111100000011111000000000100000000000000000000000000000000000000000000000000000000000000
4 (4,6) (0,5) (8,6) (6,7) 10 10 0000000000000000000000000000000000000000000000100000000010000000001000000000100000000000000000000000
8 (3,8) (1,9) (0,7) (4,5) (4,0) (7,1) (6,5) (6,6) 10 10 0000000100000000011000000011100000001100011111110001111110000111000000000000000000000000000000000000
3 (3,0) (8,0) (7,2) 10 10 0000000000000000000000000000001000000000100000000011000000001100000000110000000000000000000000000000
5 (2,9) (1,3) (0,2) (3,3) (3,2) 10 10 0000000000000111100000011100000000000000000000000000000000000000000000000000000000000000000000000000
4 (0,8) (3,5) (0,3) (8,2) 10 10 0001000000000100000000011010000001110000000110000000010000000001000000000000000000000000000000000000
3 (3,0) (8,3) (9,9) 10 10 0000000000000000000000000000000000000000011000000000110000000001110000000111100000000011100000000000
7 (4,7) (2,9) (1,3) (0,1) (9,1) (7,4) (6,5) 10 10 0100000000011111100001111111100111111100011111100001111100000111100000011100000001000000000000000000
6 (5,9) (2,0) (5,3) (8,3) (6,5) (6,9) 10 10 0000000000000000000001000000000011100000000111110000011111100001100000000100000000000000000000000000
3 (5,9) (2,6) (9,7) 10 10 0000000000000000000000000000000000000100000000011000000001100000000110000000010000000001000000000000
7 (4,8) (2,8) (2,4) (3,3) (9,1) (9,9) (7,7) 10 10 0000000000000000000000001111000001111100000111110000011111000011111100001111110000111111100000000000
4 (4,9) (3,9) (0,8) (6,7) 10 10 0000000010000000001000000000100000000010000000001000000000000000000000000000000000000000000000000000
3 (5,9) (1,5) (2,4) 10 10 0000000000000001000000000110000000000100000000000000000000000000000000000000000000000000000000000000
8 (2,9) (1,9) (3,7) (4,5) (4,2) (5,3) (6,0) (8,5) 10 10 0000000000000000000000000000100000000110000111110000111110000011111000000011000000000000000000000000
4 (2,3) (2,0) (6,0) (9,9) 10 10 0000000000000000000011110000001111100000111111000011111110000011111000000001110000000000100000000000
3 (1,9) (0,2) (2,3) 10 10 0001110000000111100000000000000000000000000000000000000000000000000000000000000000000000000000000000
4 (4,9) (2,9) (9,0) (6,5) 10 10 0000000000000000000000000000000000000010000000111000000110000000100000001000000000000000000000000000
6 (5,9) (0,4) (4,0) (9,6) (8,6) (8,7) 10 10 0000100000000111000000111110000111111100011111111000111111100001111110000001110000000000000000000000
3 (0,7) (7,2) (8,3) 10 10 0000000000000000100000000000000000010000000010000000001000000001000000000100000000000000000000000000
6 (2,9) (0,4) (5,0) (5,3) (8,2) (9,2) 10 10 0000110000000111110000011111100011111100011111100000011100000001100000000100000000100000000000000000
8 (3,9) (3,7) (2,7) (0,2) (1,0) (3,2) (3,1) (4,1) 10 10 0011000000011111000000111110000111110000000000000000000000000000000000000000000000000000000000000000
8 (4,8) (3,2) (3,0) (5,4) (7,1) (8,1) (8,3) (7,9) 10 10 0000000000000000000000000000000111100000000111111000001111100011111110011111100000000000000000000000
6 (3,5) (3,0) (5,3) (8,2) (7,5) (7,6) 10 10 0000000000000000000000000000000111110000000111000000011100000001110000000100000000000000000000000000
3 (0,9) (0,4) (6,5) 10 10 0000011110000001111000000111000000011000000001100000000100000000000000000000000000000000000000000000
8 (4,7) (1,9) (3,6) (2,4) (9,0) (8,2) (9,2) (7,4) 10 10 0000000000000000000000001001100000111100000111100000011100000011100000011100000001100000000000000000
4 (5,6) (4,6) (2,5) (9,1) 10 10 0000000000000000000000000100000000010000000011000000001100000001100000001000000000000000000000000000
3 (3,7) (1,8) (9,0) 10 10 0000000000000000000000000001000000001000000001000000001000000000000000000000000000000000000000000000
